[StartRecordingGMT]
StartRecordingGMT_1=2023/05/18 16:19:44
StartRecordingIsDst_1=0
StartRecordingGMT_2=2023/05/18 16:22:27
StartRecordingIsDst_2=0
StartRecordingGMT_3=2023/05/18 16:24:56
StartRecordingIsDst_3=0
StartRecordingGMT_4=2023/05/18 16:50:43
StartRecordingIsDst_4=0
StartRecordingGMT_5=2023/05/18 17:00:00
StartRecordingIsDst_5=0
StartRecordingGMT_6=2023/05/18 17:03:04
StartRecordingIsDst_6=0
StartRecordingGMT_7=2023/05/18 18:27:05
StartRecordingIsDst_7=0
StartRecordingGMT_8=2023/05/18 18:38:38
StartRecordingIsDst_8=0
StartRecordingGMT_9=2023/05/18 18:43:51
StartRecordingIsDst_9=0
StartRecordingGMT_10=2023/05/18 18:51:04
StartRecordingIsDst_10=0
StartRecordingGMT_11=2023/05/19 05:30:02
StartRecordingIsDst_11=0
StartRecordingGMT_12=2023/05/19 05:32:37
StartRecordingIsDst_12=0
StartRecordingGMT_13=2023/05/19 05:48:51
StartRecordingIsDst_13=0
StartRecordingGMT_14=2023/05/19 05:50:11
StartRecordingIsDst_14=0
StartRecordingGMT_15=2023/05/19 05:51:49
StartRecordingIsDst_15=0
StartRecordingGMT_16=2023/05/19 05:54:20
StartRecordingIsDst_16=0
StartRecordingGMT_17=2023/05/19 06:03:23
StartRecordingIsDst_17=0
StartRecordingGMT_18=2023/05/19 06:15:11
StartRecordingIsDst_18=0
StartRecordingGMT_19=2023/05/19 06:24:54
StartRecordingIsDst_19=0
StartRecordingGMT_20=2023/05/19 06:26:12
StartRecordingIsDst_20=0
StartRecordingGMT_21=2023/05/19 06:28:38
StartRecordingIsDst_21=0
StartRecordingGMT_22=2023/05/19 06:30:27
StartRecordingIsDst_22=0
StartRecordingGMT_23=2023/05/20 16:46:34
StartRecordingIsDst_23=0
StartRecordingGMT_24=2023/05/20 16:49:18
StartRecordingIsDst_24=0
StartRecordingGMT_25=2023/05/20 16:51:52
StartRecordingIsDst_25=0
StartRecordingGMT_26=2023/05/20 16:55:03
StartRecordingIsDst_26=0
StartRecordingGMT_27=2023/05/20 16:59:02
StartRecordingIsDst_27=0
[User-Agent]
User-Agent=Crashpad/0.8.0 WinHTTP/10.0.22621.1485 Windows_NT/10.0.22621.1485 (x64)
[Security]
UsingPersistForAuthentication=1
